[gd_scene load_steps=3 format=2]

[ext_resource path="res://Scenes/PreFabs/Missile.tscn" type="PackedScene" id=1]
[ext_resource path="res://Scripts/Player/Weapons/missile_cluster.gd" type="Script" id=2]

[node name="MissileCluster" type="Spatial"]
script = ExtResource( 2 )

[node name="Missile" parent="." instance=ExtResource( 1 )]
transform = Transform( 0.965926, -5.55139e-09, -0.258819, -0.258819, -4.2167e-08, -0.965926, -5.55138e-09, 1, -4.2167e-08, 1, 0, 0 )

[node name="Missile2" parent="." instance=ExtResource( 1 )]
transform = Transform( 0.984808, -2.47512e-09, -0.173648, -0.173648, -2.82909e-08, -0.984808, -2.47512e-09, 1, -2.82909e-08, 0.6, 0, 0 )

[node name="Missile3" parent="." instance=ExtResource( 1 )]
transform = Transform( 0.996195, -6.19963e-10, -0.0871556, -0.0871556, -1.41994e-08, -0.996195, -6.19963e-10, 1, -1.41994e-08, 0.2, 0, 0 )

[node name="Missile4" parent="." instance=ExtResource( 1 )]
transform = Transform( 0.996195, 6.19963e-10, 0.0871556, 0.0871556, -1.41994e-08, -0.996195, 6.19963e-10, 1, -1.41994e-08, -0.2, 0, 0 )

[node name="Missile5" parent="." instance=ExtResource( 1 )]
transform = Transform( 0.984808, 2.47512e-09, 0.173648, 0.173648, -2.82909e-08, -0.984808, 2.47512e-09, 1, -2.82909e-08, -0.6, 0, 0 )

[node name="Missile6" parent="." instance=ExtResource( 1 )]
transform = Transform( 0.939693, 9.82531e-09, 0.34202, 0.34202, -5.57221e-08, -0.939693, 9.82531e-09, 1, -5.57221e-08, -1, 0, 0 )
